06460
06167
06463
06166
06464
06164
06263
06124
06461
06465
06462
06240
06150
06135
06015
06270
06161
06162
06160
06410
06261
06163
06168
06170
06214
06273
06114
06210
06260
06266
06418
06110
06125
06361
06018
06024
06165
06262
06275
06419
06220
06264
06271
06274
06276
06323
06265
06268
06324
06224
06322
06415
06012
06130
06013
06121
06140
06171
06230
06360
06169
06227
06016
06020
06310
06316
06417
06014
06213
06217
06223
06234
06269
06424
06440
06123
06129
06252
06318
06115
06136
06139
06215
06267
06272
06414
06420
06422
06010
06017
06116
06120
06138
06141
06416
06021
06022
06025
06026
06211
06229
06326
06411
06412
06019
06023
06131
06133
06216
06219
06221
06225
06250
06421
06423
